255  255  255  255  255  255  255  255  255  255  255  255  255  255  255  255  255  255  255  255  255  255  255  255  255  255  255  255  255  255  255  255
  255  255  255  255  255  255  255  255  255  255  255  255  255  255  255  255  255  255  255  255  255  255  255  255  255  255  255  255  255  255  255  255
  255  255  255  233  140  124    0  140  167  255  255  255  255  255  255  255  255  255  255  255  255  255  255  255  189  140  104    0  140  199  255  255
  255  255  255  189    0    0    0    0    0  255  255  255  255  255  255  255  255  255  255  255  255  255  255  199    0    0    0    0    0  104  255  255
  255  255  255  189    0    0    0    0    0  255  255  255  255  255  255  255  255  255  255  255  255  255  225    0    0    0    0    0    0  217  255  255
  255  255  255  189    0    0    0    0    0  255  255  255  255  255  255  255  255  255  255  255  255  240   77    0    0    0    0    0  167  255  255  255
  255  255  255  189    0    0    0    0    0  255  255  255  255  255  255  255  255  255  255  255  255  124    0    0    0    0    0  140  255  255  255  255
  255  255  255  189    0    0    0    0    0  255  255  255  255  255  255  255  255  255  255  255  167    0    0    0    0    0  124  255  255  255  255  255
  255  255  255  189    0    0    0    0    0  255  255  255  255  255  255  255  255  255  255  208    0    0    0    0    0   77  233  255  255  255  255  255
  255  255  255  189    0    0    0    0    0  255  255  255  255  255  255  255  255  255  233    0    0    0    0    0    0  225  255  255  255  255  255  255
  255  255  255  189    0    0    0    0    0  255  255  255  255  255  255  255  255  255   77    0    0    0    0    0  208  255  255  255  255  255  255  255
  255  255  255  189    0    0    0    0    0  255  255  255  255  255  255  255  255  124    0    0    0    0    0  167  255  255  255  255  255  255  255  255
  255  255  255  189    0    0    0    0    0  255  255  255  255  255  255  255  167    0    0    0    0    0  140  255  255  255  255  255  255  255  255  255
  255  255  255  189    0    0    0    0    0  255  255  255  255  255  255  208    0    0    0    0    0  124  255  255  255  255  255  255  255  255  255  255
  255  255  255  189    0    0    0    0    0  255  255  255  255  255  233    0    0    0    0    0   77  233  255  255  255  255  255  255  255  255  255  255
  255  255  255  189    0    0    0    0    0  255  255  255  255  255   77    0    0    0    0    0  225  255  255  255  255  255  255  255  255  255  255  255
  255  255  255  189    0    0    0    0    0  255  255  255  255  124    0    0    0    0    0  208  255  255  255  255  255  255  255  255  255  255  255  255
  255  255  255  189    0    0    0    0    0  255  255  255  167    0    0    0    0    0  167  255  255  255  255  255  255  255  255  255  255  255  255  255
  255  255  255  189    0    0    0    0    0  255  255  208    0    0    0    0    0  140  255  255  255  255  255  255  255  255  255  255  255  255  255  255
  255  255  255  189    0    0    0    0    0  255  233    0    0    0    0    0  124  255  255  255  255  255  255  255  255  255  255  255  255  255  255  255
  255  255  255  189    0    0    0    0    0  255  104    0    0    0    0   77  240  255  255  255  255  255  255  255  255  255  255  255  255  255  255  255
  255  255  255  189    0    0    0    0    0  140    0    0    0    0    0  225  255  255  255  255  255  255  255  255  255  255  255  255  255  255  255  255
  255  255  255  189    0    0    0    0    0  140    0    0    0    0    0  154  255  255  255  255  255  255  255  255  255  255  255  255  255  255  255  255
  255  255  255  189    0    0    0    0    0  255   77    0    0    0    0    0  199  255  255  255  255  255  255  255  255  255  255  255  255  255  255  255
  255  255  255  189    0    0    0    0    0  255  217    0    0    0    0    0    0  233  255  255  255  255  255  255  255  255  255  255  255  255  255  255
  255  255  255  189    0    0    0    0    0  255  255  178    0    0    0    0    0  104  255  255  255  255  255  255  255  255  255  255  255  255  255  255
  255  255  255  189    0    0    0    0    0  255  255  255  124    0    0    0    0    0  154  255  255  255  255  255  255  255  255  255  255  255  255  255
  255  255  255  189    0    0    0    0    0  255  255  255  240   77    0    0    0    0    0  199  255  255  255  255  255  255  255  255  255  255  255  255
  255  255  255  189    0    0    0    0    0  255  255  255  255  208    0    0    0    0    0    0  233  255  255  255  255  255  255  255  255  255  255  255
  255  255  255  189    0    0    0    0    0  255  255  255  255  255  167    0    0    0    0    0   77  255  255  255  255  255  255  255  255  255  255  255
  255  255  255  189    0    0    0    0    0  255  255  255  255  255  255  124    0    0    0    0    0  140  255  255  255  255  255  255  255  255  255  255
  255  255  255  189    0    0    0    0    0  255  255  255  255  255  255  233   77    0    0    0    0    0  189  255  255  255  255  255  255  255  255  255
  255  255  255  189    0    0    0    0    0  255  255  255  255  255  255  255  199    0    0    0    0    0    0  225  255  255  255  255  255  255  255  255
  255  255  255  189    0    0    0    0    0  255  255  255  255  255  255  255  255  154    0    0    0    0    0   77  255  255  255  255  255  255  255  255
  255  255  255  189    0    0    0    0    0  255  255  255  255  255  255  255  255  255  104    0    0    0    0    0  140  255  255  255  255  255  255  255
  255  255  255  189    0    0    0    0    0  255  255  255  255  255  255  255  255  255  233    0    0    0    0    0    0  189  255  255  255  255  255  255
  255  255  255  189    0    0    0    0    0  255  255  255  255  255  255  255  255  255  255  189    0    0    0    0    0    0  225  255  255  255  255  255
  255  255  255  189    0    0    0    0    0  255  255  255  255  255  255  255  255  255  255  255  140    0    0    0    0    0   77  255  255  255  255  255
  255  255  255  189    0    0    0    0    0  255  255  255  255  255  255  255  255  255  255  255  255   77    0    0    0    0    0  140  255  255  255  255
  255  255  255  189    0    0    0    0    0  255  255  255  255  255  255  255  255  255  255  255  255  225    0    0    0    0    0    0  189  255  255  255
  255  255  255  189    0    0    0    0    0  255  255  255  255  255  255  255  255  255  255  255  255  255  189    0    0    0    0    0    0  225  255  255
  255  255  255  189    0    0    0    0    0  255  255  255  255  255  255  255  255  255  255  255  255  255  255  124    0    0    0    0    0   77  255  255
  255  255  255  189    0    0    0    0    0  255  255  255  255  255  255  255  255  255  255  255  255  255  255  240   77    0    0    0    0    0  167  255
  255  255  255  217    0    0    0    0   77  255  255  255  255  255  255  255  255  255  255  255  255  255  255  255  217   77    0    0    0    0  178  255
  255  255  255  255  255  225  225  240  255  255  255  255  255  255  255  255  255  255  255  255  255  255  255  255  255  255  233  225  225  255  255  255
  255  255  255  255  255  255  255  255  255  255  255  255  255  255  255  255  255  255  255  255  255  255  255  255  255  255  255  255  255  255  255  255
  255  255  255  255  255  255  255  255  255  255  255  255  255  255  255  255  255  255  255  255  255  255  255  255  255  255  255  255  255  255  255  255
  255  255  255  255  255  255  255  255  255  255  255  255  255  255  255  255  255  255  255  255  255  255  255  255  255  255  255  255  255  255  255  255